10
113 179
0 0 5 1 0 0 0 0 2 0 4 0 0 0 0 8 11 5 0 0 0 4 0 0 0 0 7 0 0 0 0 46 1 6 3 9 3 3 2 0 3 0 1 4 0 3 2 1 3 0 2 0 2 0 0 0 0 9 0 0 2 5 1 4 13 1 0 0 0 0 5 0 16 50 3 0 4 1 0 0 0 5 2 2 0 4 0 0 3 0 0 2 23 0 0 2 10 0 0 7 11 1 0 8 9 0 1 0 0 2 6 6 2 0 6 3 0 0 1 3 5 0 3 2 4 0 3 9 0 2 0 0 2 10 0 0 4 4 2 0 15 0 0 1 4 0 1 0 0 5 6 5 2 0 6 0 0 67 0 0 0 0 0 8 5 0 0 6 59 3 0 0 8 3 0 1 1 1 4 29 3 6 38 0 0 0 7 1 1 4 2 1 0 0 7 0 0 0 0 5 0 7 1 1 1 6 1 0 3 0 8 0 0 0 4 4 7 0 7 9 0 7 0 6 0 4 0 4 0 1 3 0 0 0 0 0 2 8 0 8 3 5 10 6 0 1 2 46 0 11 0 0 4 1 0 1 0 0 0 4 1 0 2 3 0 0 1 0 4 11 8 5 46 0 0 3 54 40 7 0 3 2 0 11 0 3 0 2 2 0 8 2 1 5 6 0 57 8 0 12 7 6 0 0 2 0 0 0 0 0 4 0 0 1 2 0 0 4 1 0 0 0 2 4 0 2 4 2 2 1 3 0 0 0 0 0 0 0 0 0 1 0 3 2 0 3 0 5 5 0 5 0 0 0 0 0 0 0 0 3 8 4 0 0 0 0 0 0 10 0 0 2 0 36 1 5 0 2 5 0 0 15 5 5 0 4 0 1 0 0 3 2 0 2 0 0 11 6 7 0
234 599
0 0 3 1 1 0 0 0 2 0 6 0 0 0 0 9 4 4 0 0 0 1 0 0 5 0 6 0 50 0 0 0 7 0 2 7 0 2 2 18 0 0 4 3 0 2 4 1 6 0 4 0 8 0 79 0 0 6 0 0 2 2 2 7 4 1 0 0 0 0 4 0 0 0 2 4 0 3 0 0 0 15 0 6 0 1 0 0 4 0 0 1 0 0 0 5 3 0 3 4 6 2 0 0 10 0 5 0 0 2 5 7 3 0 11 0 0 1 2 4 4 0 7 7 3 0 5 11 0 8 0 0 6 6 0 0 10 1 2 0 0 1 0 4 3 0 2 36 0 7 3 4 1 0 4 0 2 0 0 0 0 0 0 10 3 0 0 10 0 2 0 15 6 3 0 3 2 1 1 0 4 4 0 0 0 0 4 1 3 6 0 6 3 0 3 0 0 2 38 2 0 7 2 3 3 6 1 0 4 2 2 47 0 0 5 6 7 0 12 5 0 10 0 0 0 5 0 6 0 3 1 0 0 0 1 0 1 8 0 9 0 9 9 2 0 1 0 0 0 0 0 0 7 5 0 0 0 0 0 0 3 55 8 0 0 0 4 0 5 0 8 0 0 0 0 8 0 0 8 0 4 3 0 7 0 0 0 8 5 0 6 0 2 1 0 0 0 5 0 6 8 4 0 0 1 0 0 0 0 0 0 0 0 0 6 0 10 4 0 0 0 0 3 2 0 2 2 6 3 0 2 0 0 16 0 0 0 0 78 0 1 0 4 0 0 2 0 6 9 36 5 0 0 0 0 0 33 2 0 2 9 4 0 19 0 0 0 0 0 0 64 6 0 0 1 14 0 7 1 0 0 0 8 4 0 5 0 1 0 11 7 9 0 1 0 0 5 7 11 0
195 89
0 0 1 3 0 0 0 36 4 1 2 0 0 0 0 5 6 5 0 0 0 0 0 0 1 0 4 0 0 0 43 0 7 0 3 6 1 1 3 0 0 0 1 2 7 5 1 2 1 64 10 0 2 0 0 18 14 5 0 0 4 5 2 8 4 0 0 0 0 0 2 0 0 0 3 4 2 1 0 0 0 5 0 7 12 3 0 15 3 0 0 1 0 0 0 0 5 0 0 8 11 1 0 0 11 0 1 0 0 2 4 9 2 0 9 2 0 1 3 5 3 0 5 5 4 0 1 9 0 8 0 0 5 7 0 0 4 1 4 0 0 1 0 2 2 0 3 0 0 6 4 6 0 0 9 0 2 0 41 0 0 0 0 7 9 0 10 7 0 1 0 0 8 2 0 3 2 0 1 0 2 1 0 0 0 0 5 1 3 6 1 2 0 28 6 0 0 1 0 2 2 5 3 2 0 2 1 0 1 0 4 0 0 0 4 2 6 0 1 5 0 5 41 1 0 10 0 6 0 1 2 0 0 0 1 0 2 5 0 3 0 8 7 2 0 1 1 0 2 0 1 0 4 3 25 1 0 0 0 3 1 0 6 3 0 0 1 0 4 0 4 0 0 0 0 4 0 0 9 0 3 2 0 6 60 2 0 3 1 0 7 1 1 2 0 0 0 10 0 6 7 3 43 0 2 0 0 0 0 19 1 0 0 2 3 0 0 2 0 19 0 0 4 6 0 1 4 3 4 3 3 0 0 0 30 0 0 0 0 0 1 0 1 3 0 1 0 3 6 0 3 0 0 0 1 0 0 1 28 0 4 6 0 0 0 0 0 0 0 0 0 2 0 0 0 10 0 6 4 0 0 0 6 6 84 0 0 0 72 0 3 0 0 1 0 0 5 5 5 0
215 207
1 0 4 0 1 0 15 0 2 0 4 0 0 10 0 4 9 4 41 0 7 1 0 0 5 0 11 40 0 0 0 0 6 0 1 8 4 5 3 0 2 0 2 1 0 8 4 3 5 0 4 0 1 0 0 0 0 6 0 0 4 4 3 6 4 2 0 0 0 0 6 0 0 0 5 8 3 3 0 0 42 7 0 5 0 3 0 0 4 0 0 0 0 0 29 0 7 0 0 7 7 1 0 0 7 0 4 0 0 1 4 5 3 0 8 0 0 3 1 5 4 75 7 2 1 0 4 8 0 5 0 0 5 10 0 20 11 0 4 0 0 4 0 1 0 0 1 0 0 8 2 3 0 69 3 0 2 0 0 75 0 0 0 10 11 0 0 6 0 1 0 0 7 2 0 8 2 2 3 0 3 5 0 0 0 0 7 0 3 7 3 1 4 0 2 0 0 2 0 6 2 8 3 2 4 6 5 0 2 0 2 0 0 0 7 1 6 0 4 3 0 7 0 3 36 3 0 6 34 3 1 0 0 47 3 0 0 4 0 5 0 7 6 13 0 3 0 0 1 0 0 0 3 3 0 3 0 0 0 3 2 0 3 1 13 0 1 0 3 0 7 0 0 0 0 4 0 0 7 0 2 2 60 8 0 3 0 5 2 0 10 0 4 5 0 0 0 5 0 14 5 7 0 0 4 0 0 0 22 0 1 11 0 0 7 0 0 0 0 0 0 0 2 4 0 1 5 6 6 2 2 0 0 0 0 0 0 0 0 0 1 9 2 0 0 6 73 4 7 0 9 0 0 0 2 0 0 0 0 0 4 4 0 0 0 0 14 0 0 0 0 5 77 0 0 11 0 3 5 0 42 0 8 4 0 2 0 1 0 0 3 4 0 3 0 0 6 5 8 0
220 326
1 0 6 1 2 0 0 0 2 1 6 13 0 0 0 2 9 6 0 0 0 1 0 0 1 0 8 0 0 0 0 0 8 0 1 9 1 0 5 0 1 0 1 4 0 6 3 1 1 0 5 0 4 0 0 0 0 7 0 13 2 3 2 10 6 0 0 0 0 0 3 0 0 0 4 5 3 3 39 0 0 6 3 3 0 4 56 0 3 0 0 2 0 0 0 2 5 0 0 8 7 1 0 0 6 0 0 0 0 0 4 5 7 0 6 1 0 2 0 2 5 0 3 1 1 0 3 11 0 7 0 0 1 7 0 0 8 1 5 40 0 1 0 0 2 0 2 0 0 8 4 1 2 0 7 16 1 0 0 0 0 0 51 5 8 0 0 6 0 2 0 0 6 1 0 4 0 0 1 0 2 2 0 0 0 50 1 0 0 9 3 5 2 0 6 0 0 1 0 1 2 8 2 5 5 6 1 0 7 1 6 0 0 3 6 1 11 0 8 7 0 9 0 5 0 4 18 4 0 4 3 0 0 0 0 0 3 8 0 3 0 1 13 5 0 2 1 0 4 0 0 0 7 2 0 2 0 0 0 4 2 0 8 0 0 0 0 0 3 0 12 0 0 26 0 3 0 0 12 0 3 3 0 7 0 3 0 13 2 0 13 3 1 6 0 0 0 8 0 5 3 3 0 0 1 0 31 0 0 0 0 0 0 3 5 0 0 2 1 0 0 0 3 4 0 0 1 3 1 0 1 0 0 0 0 0 0 0 0 0 1 0 6 1 0 2 0 5 9 0 5 0 21 0 0 0 0 1 0 1 8 4 0 0 0 0 0 0 0 0 0 3 0 0 4 9 0 2 5 0 0 0 4 1 0 1 0 0 0 0 3 0 0 3 25 0 2 2 6 0
182 193
0 16 3 0 1 0 0 0 5 0 3 0 0 0 0 6 8 2 0 0 0 3 0 19 2 0 9 0 0 0 0 0 3 0 0 9 2 3 3 0 3 0 0 5 0 5 5 3 2 0 4 0 6 0 0 0 0 12 0 0 5 3 2 7 9 1 0 0 0 0 1 66 0 0 1 6 6 2 0 0 0 7 1 5 0 3 0 0 2 0 0 0 0 0 0 1 11 0 1 9 6 1 0 0 10 0 2 0 0 1 3 6 2 63 8 0 0 1 0 3 3 0 5 1 1 0 1 8 0 8 0 0 6 12 0 0 11 3 5 0 0 4 0 0 4 0 1 0 0 6 4 5 1 0 7 0 1 0 0 0 0 0 0 8 6 0 0 3 0 1 0 0 8 2 0 3 3 2 2 0 5 1 0 49 74 0 5 1 3 3 5 2 2 0 7 0 36 3 0 2 2 8 0 3 2 8 1 0 5 1 3 0 17 0 1 2 6 0 7 3 0 7 0 1 0 6 0 2 0 1 3 0 12 0 0 0 1 10 0 7 0 7 6 5 40 2 0 0 1 0 1 0 3 2 0 1 0 0 0 1 1 0 0 1 0 0 3 0 5 0 7 0 0 0 0 3 0 0 6 0 1 2 0 7 0 5 82 6 6 0 3 0 4 2 0 0 0 9 0 7 4 4 0 0 3 0 0 0 0 0 1 0 0 1 6 0 0 1 0 0 0 0 5 3 0 1 0 3 5 1 1 0 0 0 0 0 0 0 0 16 1 0 4 0 48 2 0 3 4 0 6 0 0 0 2 0 0 1 0 2 16 2 0 0 53 0 0 0 0 0 0 6 0 0 3 6 34 5 1 0 0 0 8 5 0 0 0 1 0 0 2 2 0 1 0 33 5 9 5 0
75 418
1 0 6 0 1 0 0 0 10 0 3 0 0 0 0 4 11 6 0 0 0 1 0 0 2 0 12 0 0 0 0 0 2 0 2 6 4 6 2 0 3 0 1 7 0 2 2 3 8 0 5 35 0 29 0 0 0 5 0 0 5 3 1 8 6 0 0 0 0 0 4 0 0 0 0 4 6 0 0 16 0 12 1 1 0 4 0 0 4 31 46 2 0 0 0 3 11 0 0 1 4 2 0 0 5 0 2 93 0 2 3 5 4 0 7 4 0 2 3 5 4 0 8 4 1 0 5 13 0 10 0 0 6 10 0 0 6 0 3 0 0 2 70 1 1 0 2 0 0 9 5 2 2 0 11 0 0 0 0 0 0 0 0 8 7 0 0 6 0 3 17 0 7 2 26 1 0 1 2 0 1 3 0 0 0 0 7 0 2 5 1 2 2 0 7 41 0 6 0 5 2 5 1 7 3 4 1 0 4 1 2 0 0 0 6 5 11 7 5 10 0 6 0 2 0 5 0 5 0 0 2 22 0 0 0 0 0 5 47 2 0 1 9 7 0 2 0 0 2 0 0 0 7 1 0 4 0 0 0 3 4 0 9 1 0 0 0 0 1 0 12 0 0 0 9 9 0 0 13 0 4 2 0 10 0 2 0 2 3 0 4 0 2 8 0 0 0 7 0 9 4 6 0 0 0 21 0 0 0 0 1 0 0 1 5 0 0 2 0 0 0 11 2 3 0 0 5 1 8 2 4 0 0 0 0 64 0 0 0 0 0 0 3 7 0 4 0 4 11 0 8 0 0 0 2 0 0 1 0 2 11 6 98 0 0 44 0 0 0 0 0 2 0 0 2 8 0 2 3 0 0 0 6 5 0 2 0 2 0 0 3 6 0 2 0 0 5 5 5 60
228 140
0 0 6 0 0 0 0 0 5 0 5 0 0 0 0 6 8 4 0 38 0 1 0 0 5 0 6 0 0 0 0 0 5 0 2 11 1 3 2 0 2 0 1 2 0 3 4 6 4 0 5 0 4 0 0 0 0 7 0 0 4 3 3 6 2 2 0 0 53 0 6 0 0 0 0 2 5 1 0 0 0 3 0 8 0 6 0 0 1 0 0 0 0 18 0 4 9 64 2 6 7 0 0 0 6 56 3 0 49 2 2 3 3 0 5 2 0 0 2 7 5 0 3 2 3 0 2 10 0 10 0 0 8 10 3 0 8 0 4 0 0 1 0 1 1 54 2 0 0 11 2 2 1 0 3 0 1 0 0 0 0 0 0 7 3 0 0 10 0 4 0 0 5 2 0 4 0 4 2 0 1 3 0 0 0 0 1 0 1 10 2 5 4 0 1 0 0 1 0 4 4 9 1 4 3 3 2 0 2 2 7 0 0 0 11 1 8 0 7 7 89 11 0 7 0 4 0 3 0 2 1 0 0 0 0 0 1 6 0 7 0 6 7 3 0 2 1 0 2 0 1 0 1 3 0 2 0 0 0 3 5 0 5 2 0 0 1 0 5 0 5 0 0 0 0 1 0 0 10 0 2 2 0 14 0 4 0 7 6 51 4 0 1 5 0 0 0 5 0 11 6 6 0 0 0 0 0 0 0 0 1 0 0 4 9 0 0 0 0 0 36 0 4 5 0 0 4 0 2 1 1 11 40 0 0 0 21 0 0 0 4 0 2 2 0 4 0 3 6 0 12 0 0 0 1 0 0 1 0 2 9 1 0 0 0 0 0 0 0 0 0 8 0 0 4 5 0 8 1 0 0 0 14 7 0 1 0 2 0 0 2 1 61 1 0 0 8 6 9 0
310 26
1 0 8 1 0 33 0 0 1 1 6 0 0 0 0 3 11 0 0 0 0 6 17 0 2 0 10 0 0 0 0 0 11 0 3 5 3 1 5 0 2 69 2 3 0 5 0 2 2 0 3 0 6 0 0 0 0 5 0 0 3 3 3 7 9 0 78 32 0 0 1 0 0 0 0 5 1 0 0 0 0 7 1 5 0 4 0 0 1 0 0 1 0 0 0 1 6 0 0 6 8 3 16 0 12 0 3 0 0 1 4 5 5 0 15 1 0 1 5 5 3 0 3 1 2 52 4 7 0 7 67 13 3 5 0 0 6 1 2 0 0 4 0 0 1 0 3 0 3 7 2 4 0 0 6 0 1 0 0 0 0 67 0 8 8 19 0 6 0 1 0 0 7 0 0 2 0 1 3 0 0 4 0 0 0 0 5 4 2 5 3 1 1 0 5 0 0 0 0 1 2 6 0 4 1 4 3 0 1 0 4 0 0 0 3 4 5 0 7 4 0 10 0 6 0 4 0 3 0 0 1 0 0 0 1 0 3 9 0 8 0 1 4 4 0 2 1 0 1 0 1 0 6 4 0 3 0 61 9 10 3 0 3 0 0 0 3 54 6 0 10 0 0 0 0 4 0 0 10 23 2 4 0 4 0 5 0 6 3 0 5 1 1 4 0 0 0 3 19 4 1 6 0 0 2 0 0 28 0 0 1 0 53 1 3 34 0 1 1 0 0 0 5 2 29 0 4 1 4 1 2 0 0 0 0 0 0 0 0 0 2 0 0 2 0 3 0 3 9 0 10 8 0 0 1 48 0 2 0 1 6 3 0 0 0 0 0 42 0 0 0 7 0 0 2 9 0 5 0 0 0 0 7 7 0 1 0 2 0 0 4 3 0 1 0 0 11 6 13 0
297 423
1 0 4 2 0 0 0 0 6 0 9 0 23 0 40 3 7 0 0 0 0 2 0 0 1 16 3 0 0 25 0 0 5 0 2 7 2 2 3 0 2 0 3 2 0 3 3 3 3 0 8 0 10 0 0 0 0 4 43 0 4 4 3 11 4 1 0 0 0 11 4 0 0 0 3 6 4 2 0 0 0 3 0 3 0 6 0 0 3 0 0 1 0 0 0 1 6 0 1 5 7 1 0 0 12 0 7 0 0 7 3 1 8 0 6 1 46 0 1 2 3 0 5 1 1 0 2 8 16 10 0 0 6 12 0 0 8 0 5 0 0 1 0 0 1 0 1 0 0 0 4 7 2 0 8 0 0 0 0 0 85 0 0 4 5 0 0 4 0 3 0 0 3 2 0 6 1 2 0 0 0 5 0 0 0 0 3 0 4 8 1 2 2 0 2 0 0 4 0 2 0 7 0 3 1 7 0 5 2 2 4 0 0 0 7 2 13 0 5 4 0 6 0 2 0 7 0 4 0 4 3 0 0 0 2 36 2 7 0 2 0 8 8 5 0 0 0 0 0 0 1 37 1 6 0 5 25 0 0 4 1 0 9 4 0 45 2 0 4 0 9 0 0 0 0 3 0 0 6 0 1 1 0 7 0 2 0 6 2 0 3 2 0 3 0 14 0 7 0 4 5 8 0 57 1 0 0 0 0 0 1 0 0 3 4 0 0 1 1 0 0 0 2 5 0 0 2 1 7 1 2 0 0 0 0 0 0 41 0 0 1 0 5 3 0 3 0 6 9 0 8 0 0 38 2 0 0 0 0 5 6 4 0 0 0 0 0 0 0 22 0 6 0 0 4 6 0 4 2 24 0 0 8 4 0 1 36 0 0 0 3 6 0 2 0 0 7 5 6 0
